1 18.70     0.16   
2 18.55     0.06   
3 18.55     0.10   
4 18.575    0.2    
5 18.4      0.1    
6 18.42     0.07   
7 18.45     0.07   
8 18.59     0.09   
10 18.471    0.12   
11 18.54     0.10   
12 18.54     0.18   
13 18.64     0.14   
14 18.58     0.05   
15 18.45     0.09  
16 18.45     0.13  
17 18.44     0.13  
18 18.30     0.14  
19 18.38     0.16  
20 18.50     0.16  
21 18.55     0.19  
22 18.52     0.18  
23 18.40     0.15 
24 18.45     0.16 
25 18.55     0.09 
26 18.69     0.26 